0 962 2.39072 s__sp14118 g__NA 0 0.0239072
0 496 1.23264 s__wadsworthensis g__Sutterella 0 0.0123264
0 413 1.02637 s__plebeius g__Bacteroides 0 0.0102637
0 404 1.004 s__sp36621 g__Erysipelatoclostridium 0 0.01004
0 265 0.658565 s__faecium-hirae-ratti g__Enterococcus 0 0.00658565
0 154 0.382713 s__coli g__Escherichia-Shigella 0 0.00382713
0 125 0.310644 X__z_seq40 X__z_seq40 0 0.00310644
0 109 0.270881 s__sordellii g__Paeniclostridium 0 0.00270881
0 47 0.116802 s__sp34281 g__Intestinibacter 0 0.00116802
0 45 0.111832 s__sp32046 g__Blautia 0 0.00111832
0 38 0.0944357 s__baratii g__Clostridium 0 0.000944357
0 24 0.0596436 s__sp35413 g__NA 0 0.000596436
0 23 0.0571585 s__sp33301 g__Tyzzerella 0 0.000571585
0 14 0.0347921 s__sp32362 g__Lachnoclostridium 0 0.000347921
0 12 0.0298218 s__sp32167 g__NA 0 0.000298218
3525 47 61.1077 s__vulgatus g__Bacteroides 0.0713751 0.00116802
697 24 23.6623 s__tanakaei g__Collinsella 0.014113 0.000596436
1673 246 5.54109 s__sp33707 g__NA 0.0338753 0.00611347
96 15 5.21452 s__sp32371-sp32374 g__Lachnoclostridium 0.00194383 0.000372773
139 22 5.14786 s__sp32424 g__Lachnoclostridium 0.00281451 0.000546733
441 81 4.43596 s__stercoris g__Bacteroides 0.00892948 0.00201297
694 147 3.8466 s__sp32443 g__Lachnoclostridium 0.0140523 0.00365317
2764 688 3.27329 s__sp37464 g__Fusobacterium 0.0559661 0.0170978
1574 492 2.6066 s__coprocola g__Bacteroides 0.0318707 0.0122269
39 15 2.1184 s__sp33161-sp33189 g__Roseburia 0.000789681 0.000372773
3075 1284 1.95126 s__sp31989 g__Blautia 0.0622633 0.0319093
3233 1805 1.45937 s__sp37458 g__Fusobacterium 0.0654626 0.044857
4357 2485 1.42855 s__hansenii-producta g__Blautia 0.0882216 0.061756
2329 1401 1.35446 s__sp32345 g__Lachnoclostridium 0.0471582 0.034817
8657 5216 1.35227 s__mortiferum g__Fusobacterium 0.175289 0.129625
76 49 1.26372 s__sp33756 g__NA 0.00153887 0.00121772
1739 1137 1.24616 s__intestinalis-stercoris g__Collinsella 0.0352117 0.0282562
61 44 1.12956 s__sp35829 g__NA 0.00123514 0.00109347
119 110 0.881433 s__sp36593 g__*Stoquefichus 0.00240954 0.00273367
789 754 0.852591 s__stercoricanis g__Sutterella 0.0159759 0.018738
892 868 0.837297 s__funiformis g__Megamonas 0.0180614 0.0215711
20 20 0.814769 s__sp34794 g__NA 0.000404965 0.00049703
1057 1086 0.793012 s__sp32042 g__Blautia 0.0214024 0.0269887
264 281 0.765477 s__sp33271 g__NA 0.00534554 0.00698327
121 144 0.684633 s__sp33387 g__NA 0.00245004 0.00357862
214 266 0.655491 s__sp32615-sp32802 g__NA 0.00433312 0.0066105
82 103 0.648652 s__sp32364 g__Lachnoclostridium 0.00166036 0.00255971
73 92 0.646501 s__sp36732 g__Faecalitalea 0.00147812 0.00228634
418 540 0.630692 s__perfringens g__Clostridium 0.00846377 0.0134198
22 29 0.618101 s__piriformis g__Slackia 0.000445461 0.000720694
2891 4862 0.484471 X__z_seq1_X__br_seq4 X__z_seq1_X__br_seq4 0.0585377 0.120828
857 1499 0.465815 s__sp32341-sp32430 g__Lachnoclostridium 0.0173527 0.0372524
2615 4823 0.441763 s__sp12209 g__Bacteroides 0.0529492 0.119859
1302 2404 0.441276 s__sp33422 g__NA 0.0263632 0.059743
112 243 0.375531 s__sp36616 g__Erysipelatoclostridium 0.0022678 0.00603892
38 86 0.360014 s__colicanis g__Clostridium 0.000769433 0.00213723
63 199 0.257942 s__sp32386 g__Lachnoclostridium 0.00127564 0.00494545
24 110 0.177768 s__pullicaecorum g__Butyricicoccus 0.000485958 0.00273367
48 260 0.150419 s__stercoricanis g__Allobaculum 0.000971916 0.00646139
23 3131 0.00598521 s__prausnitzii g__Faecalibacterium 0.00046571 0.0778101
676 0 1.36878 s__sp12324 g__Bacteroides 0.0136878 0
601 0 1.21692 s__sp36830 g__Phascolarctobacterium 0.0121692 0
217 0 0.439387 s__sp34340 g__Peptoclostridium 0.00439387 0
124 0 0.251078 s__sp48273 g__Sutterella 0.00251078 0
92 0 0.186284 s__adolescentis-faecale g__Bifidobacterium 0.00186284 0
81 0 0.164011 s__profusa-sp10464-sp10466 g__Olsenella 0.00164011 0
58 0 0.11744 s__sp34464 g__Anaerotruncus 0.0011744 0
51 0 0.103266 s__sp33656 g__NA 0.00103266 0
51 0 0.103266 s__sp34905-sp34912 g__Ruminiclostridium 0.00103266 0
37 0 0.0749185 s__lituseburensis g__Romboutsia 0.000749185 0
30 0 0.0607447 X__br_seq62 X__br_seq62 0.000607447 0
29 0 0.0587199 s__ventriculi g__Sarcina 0.000587199 0
23 0 0.046571 s__sp67623 g__Anaeroplasma 0.00046571 0
22 0 0.0445461 s__sp32369 g__Lachnoclostridium 0.000445461 0
21 0 0.0425213 s__algidus g__Lactobacillus 0.000425213 0
17 0 0.034422 X__br_seq73 X__br_seq73 0.00034422 0
17 0 0.034422 s__sakei g__Lactobacillus 0.00034422 0
16 0 0.0323972 s__breve-longum g__Bifidobacterium 0.000323972 0
11 0 0.0222731 s__aerofaciens g__Collinsella 0.000222731 0
